# This file was produced by the NASA Exoplanet Archive  http://exoplanetarchive.ipac.caltech.edu
# Tue Jan  7 20:13:51 2025
#
# User preference: *
#
# CONSTRAINT:  where (pl_orbper > 1
# CONSTRAINT:  and pl_orbsmax > 0.01
# CONSTRAINT:  and pl_rade > 2
# CONSTRAINT:  and pl_masse > 1)
#
# COLUMN pl_orbper:      Orbital Period [days]
# COLUMN pl_orbsmax:     Orbit Semi-Major Axis [au]
# COLUMN pl_rade:        Planet Radius [Earth Radius]
# COLUMN pl_masse:       Planet Mass [Earth Mass]
#
pl_orbper	pl_orbsmax	pl_rade	pl_masse
12.75758000	0.104470	2.904	1.63000
46.68880000	0.250000	2.490	2.00000
39.79226220	0.210900	2.030	2.00000
49.46430000	0.287700	3.050	2.07000
45.15400000	0.251400	7.100	2.10000
38.35256200	0.209000	3.117	2.20000
46.68876000	0.250000	2.610	2.30000
6.20142000	0.061100	2.040	2.35000
12.22657400	0.094290	2.651	2.50000
38.35303700	0.213200	2.995	2.80000
18.80161100	0.104700	2.130	2.88000
1.54835200	0.022500	2.018	2.89000
13.02410000	0.107000	2.870	2.90000
6.55770000	0.059200	2.572	3.01000
303.22700000	0.963800	4.650	3.17000
2.85310540	0.031650	2.130	3.34000
6.20147000	0.055900	2.022	3.53000
4.69555070	0.043700	2.260	3.65000
9.96188100	0.078300	2.207	3.86000
20.70950000	0.127500	2.870	3.94000
66.06340000	0.330000	2.680	4.00000
85.31200000	0.384000	9.000	4.00000
6.20146980	0.055910	2.022	4.04000
81.06590000	0.386000	3.490	4.10000
7.43415100	0.071000	2.075	4.20000
10.89484100	0.072800	2.620	4.23000
41.96797000	0.231090	3.013	4.32000
2.59890200	0.029500	2.270	4.45000
16.34136000	0.127000	2.089	4.50000
6.26834000	0.067020	2.060	4.52000
2.54100000	0.035000	2.050	4.55000
16.14569940	0.116200	2.170	4.70000
7.85192500	0.053300	2.200	4.70000
11.37957300	0.072100	2.133	4.78000
6.26790000	0.068390	2.042	4.82000
6.48163070	0.070100	2.490	4.90000
11.87287870	0.103000	2.213	5.00000
41.05854000	0.216300	2.601	5.04000
10.05465350	0.074700	2.078	5.11000
6.20146700	0.056150	2.070	5.20000
8.28246000	0.079200	2.440	5.20000
18.65590000	0.131000	3.510	5.30000
15.66530000	0.100000	2.020	5.30000
10.77883100	0.088400	2.910	5.39000
11.87287870	0.102900	2.213	5.40000
10.57375340	0.095280	2.370	5.40000
18.65487400	0.132000	3.431	5.40000
7.44628000	0.053400	2.520	5.40000
10.77900000	0.088090	2.878	5.40000
2.66980000	0.024800	2.250	5.60000
84.25999000	0.411000	3.250	5.68100
9.11367800	0.079300	2.200	5.69000
5.11340000	0.056000	3.700	5.70000
13.33870000	0.107100	2.770	5.70000
15.92346000	0.120000	2.510	5.70000
13.33970000	0.105000	2.500	5.80000
38.35250000	0.207000	3.040	5.80000
13.63083000	0.109000	3.360	5.80000
13.63082800	0.110000	3.426	5.90000
27.40290000	0.187000	3.720	5.90000
52.09020000	0.287000	7.160	6.00000
15.92346000	0.120000	2.532	6.10000
28.57988900	0.171000	3.182	6.10000
6.44100800	0.062900	2.250	6.10000
22.68719000	0.159000	3.430	6.10000
9.28699000	0.084600	2.209	6.10000
5.66057310	0.045260	2.355	6.15000
6.00127000	0.057060	2.043	6.26000
1.58040456	0.014110	2.847	6.26125
6.00127000	0.057120	2.043	6.27000
2.49198630	0.028700	2.415	6.28000
12.25213100	0.076200	2.420	6.29000
13.67369400	0.103900	2.388	6.30000
3.56004000	0.044610	2.299	6.31000
7.85192800	0.057000	2.190	6.37000
191.23180000	0.676000	6.140	6.40000
4.25299130	0.049600	2.401	6.40000
10.05462600	0.077800	2.250	6.47000
9.97748000	0.091000	2.300	6.50000
10.45582000	0.117800	2.480	6.50000
8.02154000	0.074000	2.385	6.50000
13.17568200	0.080900	2.080	6.57000
10.05454000	0.077700	2.290	6.60000
6.40030000	0.061000	2.376	6.60000
10.77883100	0.089000	2.910	6.60000
9.15059000	0.081400	2.759	6.63000
31.71701000	0.184220	3.484	6.70000
8.46565100	0.074900	2.180	6.70000
5.19757600	0.055400	2.640	6.70000
9.52355000	0.079200	2.740	6.74000
5.74843200	0.056000	2.410	6.80000
18.84997500	0.117600	3.060	6.80000
5.79981640	0.037700	2.122	6.80000
10.57375339	0.095400	2.370	6.84000
20.70512700	0.138000	3.557	6.90000
10.77884900	0.087000	2.927	6.90000
15.66532300	0.100100	2.047	6.90000
7.05246000	0.064800	2.670	6.93000
52.56363000	0.269000	3.429	7.00000
10.77892000	0.088800	2.900	7.00000
3.96630000	0.032700	2.590	7.10000
4.98990930	0.029610	2.438	7.10000
5.19672000	0.056000	2.680	7.17000
28.58050000	0.170000	3.080	7.20000
18.08816000	0.106000	2.470	7.24000
3.98442000	0.049000	2.160	7.25000
22.68450000	0.155000	3.120	7.30000
34.54500000	0.210000	2.150	7.30000
2.52709300	0.028500	2.180	7.32000
10.56103000	0.095900	2.490	7.40000
9.49030000	0.080000	2.247	7.55000
130.19400000	0.509000	9.700	7.60000
6.25690000	0.067000	2.769	7.60000
2.16640000	0.035870	2.220	7.60000
11.19725900	0.090300	2.940	7.60000
15.23191500	0.103900	2.287	7.72000
14.33915600	0.120200	2.450	7.80000
10.75101000	0.092000	2.560	7.80000
5.34088800	0.054000	3.200	7.80000
9.49090000	0.079600	2.341	7.86000
52.56360000	0.268000	3.340	7.90000
5.34088800	0.055280	3.200	7.90000
5.40479000	0.058930	2.390	7.92000
56.00819000	0.308000	4.230	7.94300
32.93963000	0.143000	2.380	7.96000
28.57974300	0.175200	3.195	8.00000
7.74850000	0.068300	7.000	8.00000
31.99960000	0.195000	4.190	8.00000
1.77274710	0.030890	2.600	8.00000
5.39875259	0.061350	2.357	8.03000
12.25228400	0.075700	2.390	8.04000
16.23855000	0.128300	3.679	8.08000
20.66093000	0.138430	3.134	8.10000
4.30744000	0.049000	3.010	8.10000
17.17840000	0.126800	2.390	8.11000
1.58040433	0.014900	2.742	8.17000
21.22265000	0.154600	2.650	8.20000
20.77285800	0.145000	3.828	8.30000
10.56103000	0.095140	2.290	8.30000
5.39876300	0.061700	2.310	8.30000
29.84622000	0.180600	2.740	8.33000
6.52728200	0.072000	2.705	8.38000
54.76992000	0.262100	2.607	8.40000
20.77288000	0.144000	3.750	8.40000
10.05429000	0.077500	2.078	8.40000
31.99590000	0.194000	4.520	8.40000
1.58040453	0.015050	2.733	8.41000
7.04914400	0.076000	2.620	8.50000
20.51961700	0.136200	2.852	8.52000
3.12746300	0.036700	2.410	8.56000
14.74914300	0.126390	2.903	8.60000
12.25190000	0.076730	2.300	8.60000
3.12748000	0.036600	2.340	8.60000
32.94004500	0.159100	2.610	8.63000
7.04914230	0.076000	2.545	8.70000
15.38857000	0.120600	2.350	8.70000
8.76552800	0.082000	3.297	8.70000
17.17840000	0.123500	2.522	8.79000
5.90414400	0.061000	2.510	8.80000
3.69771040	0.034500	2.770	8.80000
107.24500000	0.425000	2.562	8.82000
13.33970000	0.108300	2.836	8.90000
10.75101400	0.093000	2.536	8.90000
14.69700000	0.103500	2.930	8.90000
32.93962300	0.142900	2.370	8.92000
12.99720000	0.108000	3.960	9.00000
13.63082050	0.111000	3.410	9.10000
289.86387600	0.812000	2.100	9.10000
5.90413700	0.061000	2.451	9.10000
1.82373050	0.026360	2.765	9.10000
9.22920050	0.078000	2.690	9.13000
10.99470000	0.098800	4.090	9.20000
12.27370000	0.101100	2.630	9.32000
19.60530000	0.138000	2.480	9.40000
4.65382000	0.051860	2.726	9.50000
8.88032320	0.079000	3.395	9.60000
13.63083000	0.107000	3.480	9.60000
18.84094200	0.140000	2.240	9.60000
8.59545000	0.075000	2.587	9.60000
3.47174500	0.038170	2.590	9.68000
18.87974000	0.124200	2.390	9.70000
9.10041570	0.079200	2.469	9.70000
21.26908400	0.154000	2.365	9.70000
9.57308300	0.101700	2.328	9.72000
5.60570000	0.060000	2.280	9.79000
29.84540000	0.179500	3.010	9.80000
15.96532870	0.132230	3.486	9.80000
3.94515000	0.047000	2.600	9.80000
10.56103000	0.096400	2.420	9.90000
12.46103000	0.098000	3.290	9.90000
8.88032560	0.080400	3.410	10.00000
5.25490000	0.060000	2.428	10.00000
20.77290700	0.143800	3.900	10.00000
9.68675300	0.082000	3.036	10.00000
3.94515200	0.048000	2.586	10.00000
77.61130017	0.350600	2.744	10.07000
9.09490000	0.077650	2.530	10.10000
4.11296000	0.052000	2.265	10.15000
35.74700000	0.220000	3.940	10.18000
6.39804200	0.060400	2.790	10.20000
31.71540000	0.186200	3.430	10.30000
16.14113200	0.123700	2.332	10.40000
8.88029000	0.078000	3.390	10.40000
18.84078000	0.139000	2.435	10.40000
13.72641000	0.114000	3.292	10.40000
15.61100000	0.131000	2.884	10.48000
9.05880700	0.083000	2.916	10.50000
17.46819000	0.122000	2.500	10.50000
81.73778000	0.466900	2.215	10.60000
9.61419000	0.085000	2.661	10.60000
29.84649480	0.178300	2.923	10.67000
19.60562000	0.139000	2.524	10.70000
5.25446700	0.059000	2.450	10.80000
18.85019000	0.117700	3.140	10.80000
6.52736300	0.073000	2.896	10.90000
9.21165000	0.092300	3.060	10.90000
13.48450000	0.117000	3.470	10.90000
3.09833000	0.042710	2.700	11.00000
1.34833500	0.022900	3.020	11.00000
25.71255000	0.156000	2.721	11.00000
21.40270000	0.148000	3.065	11.10000
10.85407740	0.093600	2.894	11.10000
29.84540000	0.177600	3.000	11.13000
17.47127500	0.130000	3.530	11.20000
27.59221000	0.172100	2.916	11.24000
27.59090000	0.172900	2.608	11.29000
29.33434000	0.180000	3.900	11.30000
45.29430100	0.241000	2.355	11.40000
8.86566300	0.075600	2.466	11.41004
8.86650000	0.075000	2.242	11.44182
11.62640000	0.105300	3.410	11.56000
5.74600700	0.038500	2.025	11.70000
7.49325000	0.065600	2.820	11.80000
4.77271000	0.057000	3.520	11.80000
9.12050000	0.090600	2.530	11.82000
16.60816400	0.111600	3.120	11.84000
13.07915100	0.109000	3.271	11.90000
7.07309100	0.074000	3.050	11.90000
25.62000000	0.156900	2.530	11.95000
20.66020000	0.139900	3.010	12.10000
12.99670000	0.108000	3.937	12.10000
26.44000000	0.168300	4.070	12.15000
25.71240000	0.159000	2.820	12.15000
9.75598000	0.092000	4.880	12.20000
39.53870000	0.230000	2.530	12.20000
12.51861000	0.107000	4.621	12.30000
7.07307600	0.073000	3.182	12.30000
7.37448970	0.066200	2.850	12.40000
1.21687000	0.020700	3.101	12.50000
9.55237000	0.090700	2.440	12.60000
77.03000000	0.328000	2.550	12.60000
10.85409089	0.094900	3.047	12.75000
7.07308800	0.074000	2.440	12.80000
81.73778000	0.355400	2.215	12.90000
8.26146000	0.078200	3.390	12.97000
2.68005350	0.037600	2.296	13.00000
7.49313400	0.065700	2.760	13.20000
25.71240000	0.158000	2.820	13.20000
3.73659000	0.048200	2.830	13.31000
77.61145500	0.347400	2.606	13.40000
13.02502000	0.106000	3.150	13.50000
6.44386800	0.061520	2.587	13.50000
10.89484300	0.073600	2.370	13.50000
18.85901900	0.110100	3.240	13.60000
19.98000000	0.137000	2.930	13.60000
77.03000000	0.330000	2.550	13.60000
3.33664870	0.031000	3.880	13.73000
10.69526400	0.089110	3.030	13.80000
3.33665000	0.035570	4.830	13.90000
3.33664960	0.035500	4.570	13.90000
51.54000000	0.262600	5.340	13.90000
45.29430100	0.241000	2.350	13.98000
3.33714000	0.034800	4.200	14.00000
4.49290000	0.044300	2.120	14.00000
3.33664900	0.035960	4.320	14.10000
14.74914300	0.126380	2.903	14.10000
16.06754100	0.117000	5.090	14.10000
19.48200000	0.124900	2.730	14.30000
16.20215900	0.116300	2.501	14.40000
37.92548000	0.212000	3.514	14.50000
37.46849000	0.211600	2.770	14.50000
16.73690000	0.126000	3.565	14.60000
15.62400000	0.130000	3.670	14.67000
16.20166000	0.117000	2.343	14.80000
50.81894700	0.257300	2.410	14.80000
37.92160000	0.211000	3.780	14.80000
50.81894700	0.257300	2.410	14.90000
4.67473730	0.043000	5.140	14.95000
8.99200000	0.079500	5.299	15.00000
9.04970000	0.070700	2.520	15.00000
18.85018000	0.115000	3.120	15.00000
7.85191000	0.054000	2.090	15.00000
21.05704000	0.153600	4.350	15.20000
58.02035000	0.279000	3.319	15.20000
16.53794400	0.127000	2.611	15.20000
24.24558600	0.128800	3.650	15.40000
10.42364800	0.101300	4.320	15.60000
3.07668910	0.022670	2.860	15.60000
7.13804800	0.082400	3.530	15.68000
6.39806610	0.059950	2.840	15.90000
13.86375000	0.102070	2.592	15.90000
11.90727000	0.100100	4.510	15.90000
10.89487900	0.074500	2.458	15.90000
240.50300000	0.790300	6.204	16.00000
22.80853300	0.151000	2.744	16.00000
77.23000000	0.327400	2.670	16.00000
4.32630000	0.049800	4.242	16.00000
10.85409200	0.093000	3.070	16.10000
10.35509600	0.088000	2.771	16.10000
3.18379200	0.041657	3.186	16.13700
41.68550000	0.241000	2.230	16.30000
14.85888000	0.117200	6.980	16.40000
3.34896800	0.030100	3.390	16.40000
16.06819000	0.118900	5.090	16.42000
8.99213000	0.080360	5.130	16.50000
6.36381000	0.065000	4.160	16.50000
4.54456970	0.035400	6.000	16.50000
6.03607000	0.063560	4.710	16.60000
5.38461040	0.059000	2.479	16.60000
13.86375000	0.102100	2.592	16.70000
9.09500000	0.088000	3.710	16.80000
9.13970300	0.091030	2.870	16.90000
8.46300000	0.064500	4.070	17.00000
175.06000000	0.633000	3.870	17.00000
29.62500000	0.170000	2.149	17.18000
20.54384700	0.146000	2.582	17.20000
146.05000000	0.580000	2.490	17.20000
7.64159000	0.075200	5.490	17.30000
25.12920000	0.172600	2.697	17.70000
17.30713000	0.118500	3.000	18.10000
52.56349100	0.266900	3.343	18.30000
3.64513890	0.047260	3.120	18.40000
24.28338200	0.164000	5.150	18.40000
1.39297800	0.021770	2.926	18.46700
22.89104000	0.135700	2.199	18.49600
4.23451600	0.047900	6.333	18.75100
187.36600000	0.699200	7.040	19.02000
10.28891400	0.091000	2.480	19.10000
8.02400150	0.057800	2.734	19.10000
3.64513980	0.048130	3.228	19.20000
4.21285367	0.062200	6.210	19.20000
4.07445000	0.044570	3.560	19.28000
8.11224500	0.056700	2.749	19.50000
37.46852000	0.215000	2.951	19.50000
17.47127800	0.133400	3.550	19.70000
4.07455400	0.045300	3.660	19.80000
10.28891000	0.089000	2.740	20.00000
4.73696830	0.052600	2.690	20.00000
45.29485000	0.240700	2.227	20.00000
47.73022000	0.249000	4.910	20.00000
77.61184000	0.345300	2.750	20.10000
5.41465400	0.058000	5.930	20.31000
17.47129100	0.132200	3.490	20.40000
1.33735080	0.019000	3.180	20.60000
6.86619600	0.077000	2.854	20.80000
4.73696960	0.051740	2.713	20.97667
20.88510000	0.154000	5.680	21.00000
24.36450000	0.152240	2.358	21.14000
8.32834000	0.075770	2.120	21.30000
5.06963000	0.059830	2.490	21.30000
1.67390350	0.030100	3.880	21.80000
2.64388312	0.029100	4.170	22.10000
10.50160000	0.102800	6.510	22.10000
2.10970190	0.026000	3.420	22.40000
24.28337700	0.166000	5.203	22.40000
18.88050000	0.123300	2.730	22.50000
35.61253000	0.191500	2.610	22.70000
2.64386000	0.028720	4.200	23.10000
143.34394000	0.500000	8.800	23.10000
2.64389788	0.031090	4.191	23.13802
2.64385000	0.028720	4.222	23.16880
2.60000000	0.029000	4.260	23.20100
2.64389524	0.028870	4.091	23.42407
34.97614500	0.193000	2.620	23.50000
4.37502100	0.050360	6.882	23.51942
1.97714300	0.025000	5.250	23.60000
3.21365800	0.044900	4.125	23.83725
18.80693000	0.140000	2.546	24.00000
18.26157000	0.133000	3.050	24.00000
4.13743540	0.048000	2.600	24.10000
3.21346000	0.045600	4.002	24.47200
3.48456408	0.028700	3.440	24.50000
16.98410000	0.130000	2.630	24.50000
3.31599000	0.041200	4.140	24.60000
20.38084500	0.157000	8.281	24.70000
4.88780244	0.053200	4.901	25.00000
118.38070000	0.466000	3.330	25.00000
6.95610630	0.071000	11.890	25.10000
2.64389803	0.030800	4.100	25.40000
4.13743700	0.050000	2.700	25.50000
3.00515600	0.037500	2.401	25.60000
4.88781620	0.053000	4.730	25.74300
1.19472680	0.022340	3.510	26.00000
7.83443500	0.073900	4.421	26.40000
4.41796500	0.048500	5.300	26.40000
47.42489000	0.295800	2.607	26.57000
23.28560000	0.151100	8.676	26.69759
4.88781501	0.052590	4.450	26.69772
3.49151000	0.039100	5.050	26.78000
19.49213000	0.148000	6.120	27.00000
42.36330000	0.247000	7.820	27.00000
3.31599000	0.041700	4.132	27.00000
7.06466000	0.069600	9.190	27.40000
4.36015610	0.051000	6.808	27.40000
11.75900000	0.098000	5.000	28.00000
7.06456000	0.071000	9.019	28.30000
24.28342900	0.160000	5.340	28.30000
35.12568600	0.199000	3.431	29.00000
3.53571730	0.040300	4.977	29.24036
18.79592280	0.144500	8.059	29.87500
38.98530000	0.227000	8.080	29.90000
8.26690200	0.081000	3.590	30.00000
23.54067800	0.147000	2.304	30.00000
17.08900000	0.129300	7.690	30.00000
4.05203700	0.041700	4.700	30.80000
6.77131500	0.067020	4.480	30.90000
3.77010700	0.045000	5.342	31.30000
4.33153660	0.049130	6.793	31.46517
26.31782200	0.175000	3.736	32.00000
8.95345800	0.080000	2.506	32.00000
5.44354000	0.064100	7.062	32.10083
10.13675000	0.094300	4.300	32.20000
4.54458280	0.036100	6.430	32.59000
6.30850440	0.066140	6.250	32.70000
95.17400000	0.460700	6.850	33.00000
10.13673490	0.098600	5.066	34.00764
15.34440000	0.128000	5.333	34.40000
3.73825200	0.049100	6.060	34.62000
11.81430000	0.106600	7.398	34.96130
54.32031000	0.304600	6.560	35.00000
11.81399000	0.105000	6.860	35.70000
289.86230000	0.849000	2.380	36.00000
124.72997000	0.472000	3.683	37.00000
10.16050000	0.088000	4.793	37.00000
19.89526000	0.146100	7.500	37.10000
5.92426200	0.062000	8.967	37.18611
7.10793840	0.072000	2.164	37.30000
5.72149242	0.055300	10.357	37.82177
179.60978000	0.663900	5.450	38.00000
3.18531500	0.040120	6.311	38.13960
5.72149000	0.055000	10.536	38.13960
5.72147420	0.055800	10.626	38.13960
14.70886000	0.113000	6.180	38.15000
11.81430000	0.111500	7.263	38.45743
27.64400000	0.192000	4.243	38.50000
3.18531500	0.040120	6.311	39.09309
4.60497000	0.057400	5.710	39.80000
7.32794740	0.066517	8.097	39.85588
131.45800000	0.603470	8.160	40.36300
5.70439000	0.063800	4.941	40.40000
3.83616900	0.045300	5.717	40.68224
10.98462000	0.103000	2.060	41.31769
3.83616230	0.045800	6.028	41.80000
95.50000000	0.371000	7.270	41.89000
55.08700000	0.262000	3.890	42.44000
82.20000000	0.390000	2.520	43.00000
19.23891000	0.143000	8.290	43.40000
18.38818000	0.152800	7.163	43.86032
3.58389300	0.046670	9.785	43.86054
7.92110100	0.076200	7.460	44.00000
4.35332600	0.041000	7.900	44.00000
2.69982790	0.037400	4.968	44.10000
6.24633450	0.067600	16.410	44.17815
25.84010000	0.173000	6.216	45.80000
3.58389300	0.046680	9.785	46.08535
4.53200000	0.053900	6.956	46.16870
25.83839000	0.173200	6.053	47.03860
3.37698480	0.045100	9.528	47.03884
6.71837000	0.071000	6.389	47.67450
31.57865900	0.197000	5.020	48.60000
2.50031100	0.022900	3.090	48.80000
4.60543000	0.062000	8.200	50.30000
3.48768120	0.047400	5.770	51.10000
8.02773000	0.082000	9.020	51.42000
4.17806203	0.048400	14.695	52.34660
104.85400000	0.425400	9.079	54.03083
38.91000000	0.225000	9.225	54.34700
4.74237290	0.053670	10.122	54.98459
21.01532700	0.142000	3.694	55.00000
3.68497290	0.049630	9.550	55.30242
6.60766200	0.074300	12.274	55.61997
2.50031000	0.023500	3.240	56.60000
4.31361000	0.047100	6.810	56.64000
3.27688370	0.041630	11.825	56.89157
4.17806200	0.052000	15.356	57.20940
10.59054700	0.098000	10.300	58.70000
4.73401000	0.057300	5.280	59.40000
11.63347800	0.103400	9.528	59.75174
14.27670000	0.122800	9.170	60.50000
5.05697300	0.063300	5.090	61.00000
2.32665080	0.029600	5.820	61.50000
4.73652900	0.062290	15.356	61.97685
5.50797800	0.055900	10.615	62.29468
5.50802300	0.055900	11.153	62.61000
5.50802300	0.055960	11.153	63.56600
29.32900000	0.180000	3.600	63.56600
5.98394400	0.067200	10.929	63.88351
3.21305992	0.037670	10.301	63.88383
3.91529200	0.051000	10.124	63.90000
7.53280600	0.075700	11.747	66.10864
3.21305929	0.038380	10.749	66.23577
66.26200000	0.355300	4.347	67.00000
3.21305980	0.038400	10.749	67.05900
38.80000000	0.212000	7.541	67.40000
11.63347800	0.108700	9.505	67.69745
9.57390000	0.100100	11.657	68.01528
1.26693800	0.024900	7.160	68.20000
6.21229000	0.063300	7.981	68.65128
11.63346810	0.108600	9.270	68.96876
5.45664000	0.063500	12.072	69.28659
6.21238100	0.063390	6.389	69.28694
6.21244500	0.063600	6.938	69.28694
6.21229000	0.063000	6.390	69.92000
288.82200000	1.089600	8.564	69.92000
4.63129600	0.054900	11.097	70.55791
11.63344000	0.102000	9.528	70.87609
4.01975170	0.048710	8.608	71.51139
3.79701816	0.046520	10.962	71.82958
3.35698660	0.038200	12.733	72.78307
1.24362580	0.021300	3.460	73.20000
18.71202400	0.145000	9.073	74.10000
4.76338700	0.054200	10.223	75.32300
4.76338700	0.054280	10.223	75.64354
3.67146300	0.049880	10.514	75.96099
8.24892000	0.084100	5.156	76.27882
3.93655780	0.041940	8.295	77.23230
3.13166660	0.037690	8.967	77.23269
3.92272700	0.045700	8.878	77.54700
18.71204000	0.143600	9.718	77.55052
3.92271860	0.045650	8.698	77.55052
3.92271860	0.045660	8.878	77.86835
3.79701816	0.046400	10.962	79.45000
4.52072650	0.057100	14.460	79.45710
3.86813820	0.045270	11.848	79.45750
3.47168260	0.034180	8.339	79.77493
19.24000000	0.140000	9.438	80.09000
9.12705500	0.087800	8.140	81.70000
3.86813820	0.045250	9.113	82.63200
3.93655100	0.043000	8.295	82.63539
12.45512250	0.101600	8.676	82.63580
3.86813820	0.045250	11.848	82.63580
4.38884970	0.049440	13.227	82.95363
4.64038200	0.052300	9.247	84.85700
4.64038200	0.052310	9.247	84.86061
3.43875300	0.038450	12.000	85.30000
4.86069000	0.057800	12.110	85.81000
5.32202300	0.060700	13.675	85.81410
1.52275910	0.018080	8.700	86.70000
282.52542000	0.833000	9.337	87.08498
4.60273000	0.054900	12.498	87.40325
4.05529470	0.048590	14.235	87.40325
10.02165000	0.094590	11.444	87.55850
10.02165000	0.094640	11.444	87.75286
4.00878322	0.045990	11.299	88.03847
3.76849520	0.045200	12.218	88.35674
4.05525900	0.048600	14.235	88.98900
21.49198400	0.151500	8.541	88.99195
3.28880000	0.044900	10.761	88.99240
4.05529410	0.048280	14.336	89.31023
9.57391810	0.100000	12.349	89.40000
4.05527650	0.048580	14.930	89.94589
4.00877800	0.046640	12.689	90.26372
8.80380900	0.082150	8.474	91.21675
10.29099400	0.091000	13.790	92.17000
8.80381000	0.084500	8.093	92.48853
4.00877800	0.046600	12.689	92.80200
4.51992790	0.049000	14.886	92.80589
10.29099400	0.091300	13.787	92.80636
4.86069000	0.057890	12.106	93.12419
4.32250600	0.051600	14.157	93.75985
4.32251260	0.052120	11.994	94.39551
3.94437150	0.049700	13.798	94.71287
4.51950640	0.054270	13.271	95.03117
13.29070000	0.110000	2.900	95.30000
3.94437360	0.051000	14.116	95.30000
4.32248200	0.052000	11.990	95.34500
30.08364000	0.201000	11.209	95.34852
4.97125200	0.059000	11.657	95.34900
10.24055490	0.080000	8.047	96.00000
6.40251300	0.070800	9.236	96.30201
8.15770940	0.071100	9.100	96.40000
4.97125200	0.059000	11.657	96.93815
4.21802091	0.050420	13.507	97.57332
4.21802780	0.050690	14.493	98.20947
12.40580000	0.110300	6.434	98.52681
4.53347100	0.055000	12.666	98.52730
4.89962840	0.060000	16.388	98.84100
4.21802780	0.050670	14.493	98.84513
4.89962840	0.059990	16.388	98.84513
4.53714300	0.057000	9.658	99.00000
14.89329100	0.120600	9.494	100.11645
4.53347750	0.055000	13.305	100.43378
3.32527250	0.036230	11.187	101.38777
2.87589160	0.043640	9.090	102.34126
4.23370050	0.055030	16.107	104.88337
228.77600000	0.704800	8.449	105.83300
4.34740320	0.054300	10.368	105.83686
22.34298900	0.168400	11.270	106.00000
4.02486700	0.045100	10.054	106.47305
3.21751883	0.041350	12.218	107.10871
4.37809000	0.054170	14.908	107.74437
3.21751883	0.041400	12.220	108.06000
4.81010250	0.065050	23.371	108.06220
35.45533000	0.201000	9.158	109.33352
4.30121900	0.050700	13.922	111.87100
4.14804670	0.045150	8.575	112.19399
4.53716400	0.059000	9.427	113.14691
2.87589110	0.042880	6.837	113.14748
2.87598000	0.043130	7.331	114.10097
8.32491020	0.083000	9.710	116.00000
4.03046700	0.047660	4.741	116.00737
11.53660000	0.100300	11.467	116.64361
3.92280380	0.042690	12.520	117.27927
3.55140580	0.047500	12.845	117.59651
3.79552020	0.037450	11.478	117.59710
3.71495000	0.047400	14.404	117.91493
4.01383790	0.049940	14.930	118.23217
17.25130000	0.107000	3.600	119.18100
9.43415050	0.080000	6.110	120.00000
2.31064460	0.034000	8.717	120.00000
2.78173870	0.037900	12.498	120.13500
8.32491130	0.088800	9.169	120.45697
12.28290000	0.085000	3.600	120.77000
4.37809000	0.057400	16.029	120.77000
105.59900000	0.463200	4.300	122.00000
4.88097400	0.060700	18.103	122.68177
271.94450000	0.847000	3.200	123.00000
28.38236000	0.179000	9.057	123.00021
11.16845900	0.099100	11.859	123.00021
3.82970150	0.050460	12.666	123.95370
3.33260900	0.048000	17.374	123.95370
69.33684000	0.347000	9.606	124.90656
11.16845400	0.103560	11.209	126.49634
2.78173620	0.038730	13.428	126.81417
2.78173870	0.037900	12.498	126.81417
10.33760000	0.090000	3.600	127.10000
6.38759700	0.052000	9.303	127.13136
45.52234000	0.269000	9.396	129.00000
4.61000000	0.051000	12.229	129.03400
3.49362640	0.046300	14.280	129.03833
3.05125000	0.044800	13.563	129.99182
7.13352100	0.067000	9.752	130.31030
3.79262200	0.040410	10.604	130.94530
11.53533000	0.109700	11.500	131.89945
125.85180000	0.510000	11.590	132.00000
4.61442000	0.051700	15.693	133.48300
52.97818000	0.300000	11.299	133.48860
4.15365800	0.051900	16.814	133.48860
4.61441090	0.051790	15.693	133.48860
3.79262200	0.040000	9.700	135.00000
4.88549480	0.061300	17.957	135.07775
3.00265000	0.045000	7.656	135.39558
7.89144830	0.082000	12.890	136.66000
7.84570000	0.079390	13.372	136.66100
3.57878087	0.045010	10.761	136.66100
4.06644280	0.048230	13.305	136.66622
4.43796370	0.055500	19.123	136.66690
4.43796370	0.055600	18.999	136.97900
4.43796290	0.055300	19.661	137.30256
4.88552500	0.062240	16.567	137.61500
4.43796370	0.055630	18.999	137.62039
4.66159830	0.067800	18.977	138.25536
4.80849830	0.056900	17.262	139.84450
2.27831520	0.031600	9.528	139.84520
3.47797800	0.040700	11.456	140.16233
4.88548920	0.060670	18.181	140.16303
7.84558200	0.080400	13.227	140.48086
4.88548860	0.063300	18.484	142.70567
3.95019070	0.055000	19.280	143.65300
4.88549220	0.063240	18.484	143.97699
3.73543300	0.050000	22.261	143.97699
2.31064400	0.034280	8.597	144.92975
3.95019070	0.055400	19.279	144.93048
4.03791560	0.049500	14.079	145.88397
1.74978350	0.027130	14.235	145.88397
1.74977980	0.027200	14.240	146.20000
23.62400000	0.163000	7.230	147.15455
1.26523280	0.015900	11.545	147.15455
4.03789620	0.049470	15.558	148.42000
4.03789620	0.050040	13.249	149.38010
5.47743300	0.069400	17.598	149.38010
4.54216875	0.058850	15.793	150.96925
4.35301100	0.053620	15.569	151.59900
3.73548450	0.051250	21.656	151.60491
3.40590960	0.046590	17.363	151.91600
4.03789620	0.049630	15.558	151.92274
3.40590900	0.046570	17.228	151.92274
3.42526020	0.045300	13.450	152.55000
5.20851000	0.059000	10.705	152.87623
3.36100239	0.042170	13.720	153.51189
5.20851000	0.060300	10.705	153.82972
2.45523390	0.029870	10.761	153.82972
3.36100208	0.041400	13.787	154.14755
3.73543800	0.051300	19.582	154.46538
3.73543800	0.051500	22.317	154.46538
3.72247470	0.043500	11.265	154.77700
3.40588600	0.046630	17.363	155.41887
7.89144830	0.081300	12.890	155.73670
3.42526020	0.045400	13.451	155.73670
3.73544170	0.051000	19.500	156.00000
2.78865560	0.032742	9.909	156.05375
3.72247967	0.043750	11.097	156.37236
4.46312900	0.057700	14.392	156.68400
1.85555880	0.028950	9.550	156.69019
3.55392771	0.051600	20.602	157.00802
9.17080000	0.091600	12.207	157.32585
3.58572200	0.050570	15.805	157.96151
3.55392771	0.051590	20.602	158.27934
4.98168720	0.054800	12.106	158.90800
3.58572200	0.050600	15.800	158.91000
1047.83560000	2.026000	9.180	158.91500
2.45524122	0.029540	11.198	158.91500
4.98168720	0.054800	11.915	159.23283
4.11177710	0.046320	16.477	159.55066
3.36100600	0.042100	13.720	160.00000
2.45523900	0.030000	10.760	160.49700
4.30500110	0.053110	9.640	160.50415
3.07172200	0.039570	17.710	161.45764
4.35301100	0.055700	17.127	162.72896
3.73548450	0.051510	22.317	162.72896
4.30500110	0.053100	9.640	163.35800
4.04604350	0.054530	16.141	163.36462
4.20474000	0.052600	14.120	165.26000
3.46787960	0.047900	13.608	165.27077
4.04604070	0.054500	15.625	165.27160
3.57878087	0.045020	10.761	165.90726
4.46529340	0.055350	13.641	166.54292
1.26523248	0.016480	11.870	166.85991
4.46529976	0.055610	14.785	166.86075
4.46529976	0.055300	13.922	166.86075
4.35301100	0.055800	17.127	166.86075
3.31284600	0.044910	10.862	167.17858
2.60545520	0.039510	21.185	167.49641
4.98168190	0.056100	12.576	167.49641
5.35227000	0.061800	13.115	168.13207
4.46529680	0.055610	14.785	168.13207
4.46529000	0.055100	15.244	168.44990
4.63703800	0.061100	16.814	168.44990
4.01610000	0.047000	11.209	168.44990
4.01448400	0.047000	11.265	168.44990
3.72246500	0.043000	10.200	168.44990
138.31700000	0.652000	6.180	169.00000
4.46543000	0.055300	13.922	169.08556
3.72247930	0.043760	11.097	169.08556
10.33852300	0.088200	11.321	169.71000
5.35227000	0.061800	13.110	170.03200
2.93028900	0.034000	11.900	170.40000
10.33852300	0.088200	11.321	170.67471
3.06785234	0.034400	11.198	170.99254
4.01444790	0.046510	12.072	171.62820
3.06785952	0.034270	10.671	171.62820
3.75206560	0.049900	16.010	172.00000
3.75209748	0.049900	16.006	172.26386
3.04404990	0.040570	13.585	172.58169
8.40711500	0.085400	13.451	174.48780
4.01610000	0.046890	11.781	174.79900
1.85555800	0.030000	9.980	174.80000
3.10000000	0.034000	10.650	174.80000
4.01444770	0.046760	11.332	174.80650
3.84040100	0.053800	15.468	174.80650
3.75210000	0.049900	15.457	175.12433
3.06785040	0.034600	10.671	176.07000
2.60544751	0.040420	18.058	176.07694
3.65251450	0.047000	15.558	176.07694
2.61586400	0.036470	11.119	176.39565
1.85555820	0.031010	14.460	177.98000
4.95400000	0.064310	19.055	177.98000
2.74390040	0.036490	11.960	177.98480
1.85555770	0.023960	11.657	177.98480
3.52249905	0.048350	15.906	177.98480
3.53269000	0.046800	12.554	177.98480
4.30500400	0.055480	13.731	177.98480
5.61141180	0.068100	14.617	178.30263
2.61586400	0.036800	11.164	179.56600
1.85555820	0.030970	14.460	179.89178
2.61586178	0.036800	11.131	179.89178
2.61585700	0.036840	11.018	179.89178
3.65283600	0.046600	13.339	180.20200
3.65283600	0.046590	13.339	180.20961
4.41195300	0.056720	15.581	180.52744
3.65281514	0.046600	12.722	180.84527
3.54387000	0.050950	17.609	180.84527
21.40239000	0.165200	9.800	181.00000
4.46563300	0.053300	14.572	181.15500
4.41195300	0.056700	15.581	181.15500
3.10138600	0.041620	13.899	181.16310
5.18170000	0.062700	14.908	181.16310
3.53273130	0.047000	12.980	181.16310
4.95400000	0.064380	19.055	181.16310
4.61710100	0.054580	12.240	181.47300
4.46563300	0.053260	14.572	181.48093
4.79478130	0.062770	18.282	182.43351
3.95162050	0.052900	11.938	182.43442
3.76483270	0.047380	13.675	182.43442
52.50113000	0.302500	12.834	182.75225
2.22525770	0.032110	10.593	183.38791
4.09850300	0.048390	11.646	184.02357
3.76482500	0.047300	13.675	184.33400
4.00723200	0.053870	19.089	184.34048
4.20474000	0.052500	14.123	184.34140
3.58524670	0.046040	13.249	184.34140
3.76482500	0.047300	13.675	184.34140
4.41194000	0.057100	15.020	184.34140
4.45724300	0.060760	19.392	184.65923
3.58524670	0.046040	13.249	184.97706
4.31767820	0.052100	13.675	185.29489
2.89973600	0.038420	10.615	185.61272
3.31284600	0.044930	10.862	185.93055
3.53273130	0.046980	12.980	186.87600
4.09849000	0.041900	11.982	187.20187
4.31767820	0.052400	13.675	187.51000
3.71302030	0.048530	13.047	187.51200
3.52250470	0.048500	15.480	187.51970
3.52249910	0.047400	15.872	187.51970
2.89973600	0.038660	9.270	187.83000
3.04404990	0.040590	13.585	188.15536
3.75209748	0.051650	15.782	188.15536
2.66341600	0.028200	11.561	188.15536
3.37041810	0.044600	15.648	188.47225
2.61586400	0.036160	11.030	188.47319
2.68432850	0.035850	13.361	189.10100
2.89973838	0.038780	10.211	189.10885
3.85377680	0.047530	15.020	189.10885
2.61585922	0.036650	11.422	189.10885
3.58523130	0.046280	14.841	189.42573
2.89970300	0.038820	10.077	189.42668
2.61585922	0.036730	11.422	189.73700
3.71302030	0.048550	13.047	189.74451
3.76483270	0.048190	13.978	190.06234
3.54387000	0.050900	17.609	190.37200
2.89970300	0.038940	9.976	190.38017
4.61710100	0.056140	12.240	190.38017
3.37265000	0.044900	13.899	190.69800
4.32479900	0.060430	18.921	191.33366
3.52254000	0.048300	15.906	191.64300
7.34071100	0.078130	10.761	191.96932
2.68432850	0.035820	13.361	192.60498
3.69364110	0.049880	18.528	192.60498
2.89973600	0.038990	10.077	193.55847
4.07643260	0.050400	14.202	194.82881
4.29864320	0.051630	14.123	194.82979
3.25892630	0.040970	11.209	194.82979
3.37772800	0.042940	12.543	195.14664
4.45724300	0.060800	19.392	195.45700
3.03958240	0.039980	11.433	195.78328
20.35847252	0.120800	10.550	196.00000
3.53273064	0.048900	13.440	196.10111
3.10127800	0.043400	14.011	197.04600
3.03957700	0.040000	11.430	197.05000
3.52390000	0.046000	15.920	197.05000
3.90149710	0.050500	16.432	197.05361
4.09850700	0.049860	13.406	198.00809
3.25721500	0.043400	13.585	198.95300
4.46562910	0.055800	14.964	199.27941
34.55600000	0.206900	11.290	200.00000
3.52500000	0.046700	14.240	200.22000
7.34071100	0.078100	10.760	200.22000
40.74976000	0.249000	11.063	200.23190
4.57763480	0.060070	17.598	200.23290
3.91624300	0.056200	18.271	200.23290
4.94278090	0.057050	10.761	201.18639
3.23470200	0.044380	13.103	201.18639
3.69364110	0.049870	18.528	202.13100
3.25721500	0.043370	13.585	202.45771
2.82309300	0.038800	11.467	203.09235
8.00196800	0.085400	11.153	203.41018
7.18585000	0.073000	11.209	203.41018
24.13990000	0.171900	9.729	203.41018
2.83891856	0.037720	11.769	204.36469
2.83891856	0.037690	11.769	204.68252
3.23469940	0.044480	13.103	205.63601
5.17500730	0.056490	10.839	206.58846
3.30238810	0.047350	19.616	206.58950
3.05652540	0.044490	14.280	206.90733
4.60587490	0.054750	14.022	207.54299
49.25190000	0.249000	10.133	208.81326
3.46550900	0.048230	14.123	209.13214
3.03958600	0.040300	11.635	209.75900
4.94278200	0.057140	10.760	209.76000
3.47447400	0.049950	18.898	209.76780
29.02000000	0.158700	12.890	209.76780
3.33268700	0.044300	14.359	210.39500
3.56082900	0.047080	12.924	210.40346
2.59261842	0.027090	11.400	211.35589
4.84532000	0.052300	14.572	211.99155
3.73949400	0.046660	13.126	211.99261
3.23469960	0.048520	14.617	212.31044
3.50619500	0.042300	11.904	212.31044
3.23472300	0.045670	14.830	212.61900
3.66002800	0.051000	16.701	212.94503
29.09031200	0.152500	11.097	212.94503
1.52275959	0.018450	8.474	212.94503
3.05653600	0.044380	14.280	213.25500
2.83897100	0.038600	10.267	213.57300
3.18107810	0.041310	13.384	213.58176
5.72339000	0.066690	12.408	214.85308
4.16627390	0.052500	15.681	215.80657
7.34071800	0.084000	14.800	216.12000
5.61653100	0.066000	15.805	216.12332
2.15000820	0.033970	22.194	216.12440
3.05651950	0.044650	14.986	216.12440
3.05653600	0.044600	14.235	216.12440
3.10127800	0.045160	19.279	216.12440
3.67724000	0.051060	14.146	216.12440
3.52474859	0.047070	15.233	216.76006
3.35524000	0.046500	13.922	217.70400
3.52474600	0.047070	15.233	217.70400
3.35524640	0.046500	14.751	217.71355
8.52349620	0.077500	10.940	218.34921
2.15484802	0.026300	11.142	218.98377
3.50000000	0.047000	15.700	219.29000
8.52349648	0.077800	10.720	220.00000
8.52348650	0.077100	10.559	220.56500
8.52348650	0.077100	10.559	220.57402
4.94278200	0.058300	14.448	221.20968
3.03006973	0.039260	11.960	221.52751
224.77833000	0.751000	7.084	222.47988
3.20866400	0.048820	16.141	222.47988
2.15484900	0.027000	11.321	222.47988
4.18762440	0.055110	14.415	222.48100
3.16157500	0.043130	14.796	222.79883
9.20205000	0.090250	13.339	223.43449
3.17435160	0.043540	13.171	224.38798
2.86414240	0.044210	15.390	225.34147
3.57878060	0.047000	10.760	225.65000
4.03970900	0.049300	15.278	225.65817
2.81059500	0.041900	15.020	225.96800
3.52474859	0.047470	15.468	226.93062
10.60057000	0.098000	12.870	227.00000
2.49938700	0.036000	13.720	228.00000
3.16157500	0.043170	14.796	228.82800
9.20205000	0.090000	13.340	228.83000
2.68432848	0.039600	13.450	228.83000
3.35524790	0.046510	13.922	229.79109
2.29840551	0.029960	12.016	230.10892
2.71647620	0.039080	16.018	231.69807
3.17748350	0.044690	13.047	232.01474
3.33268700	0.044450	14.359	232.01590
3.25883210	0.042170	13.339	232.01590
9.20205000	0.091200	13.002	232.33373
1.75222390	0.023400	12.993	232.33373
2.81060840	0.041900	16.466	232.96939
1.64532100	0.028600	17.295	233.92288
4.51116400	0.063000	17.878	235.19420
2.81059500	0.041900	15.020	237.10118
3.92281072	0.052870	15.614	238.05467
3.03006500	0.039300	12.110	238.36000
2.15000825	0.034270	20.053	238.37250
3.67724000	0.051050	14.146	238.37250
3.27623000	0.044100	12.330	238.68913
3.03006500	0.039250	11.960	238.99800
2.54417650	0.037000	11.377	239.32479
3.79984700	0.041170	10.581	241.55080
2.54418280	0.037630	11.960	241.55080
2.64532350	0.037720	12.027	241.86742
3.92281400	0.052900	15.693	241.86863
3.03007280	0.039460	12.319	241.86863
3.47447400	0.049900	18.898	242.17600
3.24253000	0.039100	13.899	242.82090
5.72339000	0.066500	11.926	243.77561
3.34887020	0.046390	15.805	244.09344
48.36685000	0.305000	11.276	246.00042
5.72318600	0.066700	12.408	247.26100
3.92281400	0.052900	15.468	247.27174
3.92289000	0.053000	15.690	247.90000
4.01444770	0.046890	11.781	247.90740
2.97208600	0.043630	17.822	248.86089
2.25544770	0.035240	12.173	251.40353
2.88071980	0.040360	13.260	252.35576
2.69404700	0.042580	18.887	252.67485
2.57618400	0.029490	11.920	254.00000
2.69404700	0.042600	18.887	254.25300
5.14787800	0.065300	18.383	254.26400
2.17467420	0.034800	16.376	255.85315
5.41608100	0.061120	12.621	256.17098
3.91405000	0.046400	9.976	257.43100
6.24658000	0.073100	15.323	257.44230
2.64729800	0.032600	14.908	258.07796
3.69152240	0.046700	14.818	259.66581
2.75359530	0.036960	11.310	259.66711
2.17517630	0.034880	17.822	259.66711
2.75359530	0.036940	11.310	259.98494
8.60077000	0.075000	10.761	260.61929
2.98876150	0.041450	13.641	260.61929
4.33454000	0.053540	15.278	260.61929
3.10516100	0.044970	16.825	260.93843
1.91530730	0.030480	11.938	261.57409
95.27380000	0.402700	11.624	262.52758
2.13774450	0.034430	15.737	262.52758
2.96264000	0.036000	12.330	263.79000
2.45454670	0.035150	13.574	263.79758
3.11860680	0.041500	13.653	264.43456
1.91530730	0.030480	11.938	266.02371
95.27380000	0.407000	11.770	266.97000
8.60015360	0.094800	22.310	266.97000
2.85057000	0.039000	10.088	266.97720
4.62941000	0.058600	16.365	266.97720
95.27265600	0.402100	11.949	266.97720
3.31392000	0.048000	16.141	266.97720
20.27303400	0.136700	12.498	266.97720
2.05286800	0.034700	17.150	266.97720
3.66238660	0.052100	20.400	267.93069
95.27265600	0.402900	11.949	268.88418
2.51994529	0.038890	16.242	268.88418
2.15222144	0.030330	11.691	269.20201
2.15222144	0.030330	11.691	269.20201
2.96264000	0.035710	12.330	269.51984
4.33454010	0.054300	15.222	270.15415
3.66239200	0.051900	17.150	270.15415
2.85057000	0.038600	10.088	270.15550
3.61916130	0.046140	16.926	270.15550
8.60015360	0.094900	22.306	270.15550
3.66239200	0.051900	17.150	270.15550
10.18024900	0.090300	11.882	270.47333
2.91626000	0.042700	14.359	271.09800
2.51994540	0.038890	16.623	271.41500
3.89905200	0.053500	16.870	271.74465
3.11860090	0.042100	11.300	272.00000
7.91958500	0.069700	8.687	272.38031
3.24406000	0.045500	20.849	272.69814
2.15000800	0.034300	20.053	273.32200
3.12899200	0.045210	15.984	273.33380
3.20466000	0.046000	14.572	273.33380
2.51996100	0.038980	16.634	273.33380
2.17517300	0.036700	23.091	273.33380
7.91958500	0.069700	8.687	274.27600
2.15222540	0.030700	12.072	275.24078
3.24406000	0.045710	20.849	275.55861
2.42381200	0.034430	10.985	275.55861
2.42380400	0.034530	12.330	276.51210
2.82805268	0.039200	15.065	277.46559
3.55394500	0.049650	20.288	278.73691
2.42381330	0.034740	12.778	279.05474
2.94443000	0.037000	10.783	279.37257
6.24658000	0.072000	15.513	279.68000
2.15222600	0.030700	10.705	279.68000
4.33454010	0.055390	15.155	279.68900
4.64187800	0.057500	14.348	279.69040
3.37796000	0.047800	18.383	279.69040
5.00377750	0.066080	19.851	279.69040
2.15222144	0.030920	11.915	279.69040
2.91623830	0.042700	14.359	280.64389
2.94442560	0.037600	10.783	280.95000
33.64800000	0.197100	9.079	281.27955
2.82804200	0.039400	15.132	281.91521
2.42380390	0.034730	12.778	282.53900
3.40883495	0.044200	13.664	282.54945
2.17517632	0.036200	19.055	282.85700
5.01718000	0.056100	15.360	282.86000
2.51995000	0.038200	21.633	282.86870
1.76903810	0.026100	10.088	282.86870
3.12899200	0.045200	15.984	283.49200
1.80988198	0.033000	20.781	284.13860
3.55392680	0.050200	19.448	285.09351
3.40884000	0.044500	15.177	285.71700
2.91623830	0.043830	16.668	285.72917
2.97764120	0.042630	14.773	285.72917
5.01718000	0.056200	15.356	285.72917
3.66238660	0.053500	23.430	286.03000
1.21190000	0.022500	14.572	286.04700
3.40926400	0.048000	13.899	286.04700
3.94153400	0.048800	14.572	286.04700
2.98959320	0.043170	19.044	286.68266
2.91623820	0.043100	16.668	287.95398
3.40883000	0.044650	13.597	287.95398
2.14363544	0.033200	15.650	288.00000
3.40883000	0.044690	13.597	288.26000
3.11860680	0.042200	11.299	288.58964
1.80988158	0.033040	20.681	289.22385
3.32944100	0.046130	16.175	289.22530
3.94150685	0.049300	13.518	290.17879
2.15226000	0.031380	12.520	290.48400
2.15222600	0.031380	12.005	290.80200
2.82804200	0.040130	16.141	290.81445
2.82804200	0.040160	16.140	291.43800
3.55392460	0.050840	19.123	291.45011
2.51996100	0.039570	16.970	291.76794
3.94153400	0.049280	13.518	291.76794
3.55394500	0.050910	20.165	292.07300
3.05240100	0.040200	13.451	292.39100
3.94150685	0.049000	13.563	292.39100
3.82408010	0.051300	16.287	292.40213
2.81265480	0.040240	14.000	292.40360
3.55394500	0.050920	19.627	292.40360
1.80988600	0.033000	20.512	292.40360
4.20420010	0.054120	14.022	292.72143
2.96264036	0.037620	12.823	293.03926
3.94151280	0.049440	13.518	293.67492
3.55394500	0.051050	19.986	293.99128
2.15222163	0.031400	12.005	293.99275
5.84264100	0.068400	15.020	294.62693
1.72086120	0.029610	14.852	294.62841
3.40883870	0.044640	14.011	294.62841
6.56918800	0.068000	13.563	295.58042
2.49970000	0.035000	12.218	295.58190
2.15217500	0.031440	12.117	295.89973
2.25525100	0.033020	14.830	298.12454
1.72086123	0.029590	14.852	298.43000
394.62508000	1.137000	8.082	298.75870
2.12257350	0.033190	19.840	298.75870
3.05240400	0.040000	13.227	298.76020
2.10616070	0.031660	16.029	299.07803
1.72086040	0.028970	15.031	299.07803
3.05240100	0.040220	13.451	299.07803
118.37774000	0.462000	3.660	300.00000
2.13775000	0.037050	17.486	300.03152
2.51994480	0.039580	16.970	301.30284
5.08429800	0.062060	13.900	301.93000
5.03162300	0.067080	19.952	301.93850
10.62656000	0.092000	11.994	301.93850
2.13775000	0.037000	17.486	301.93850
4.37808100	0.057900	15.110	304.16179
5.08429800	0.062190	13.899	304.16331
98.29838000	0.408000	10.402	305.11527
3.05665270	0.040260	13.529	305.11680
4.90889700	0.065620	18.820	305.11680
4.95464160	0.061700	14.908	305.11680
4.95464160	0.061900	15.278	305.11680
4.95465800	0.061800	10.256	305.11680
3.12608900	0.039630	10.604	306.38812
18.24900000	0.159000	14.460	308.29510
125.63243000	0.498800	8.373	308.29510
3.71307650	0.043890	11.142	308.92921
8.35038100	0.070980	16.814	309.56642
1.96229325	0.031850	18.114	309.88270
3.05240154	0.041000	13.204	310.51991
11.91010000	0.095640	11.321	310.83618
2.14363400	0.034440	18.719	311.46000
3.24607500	0.045600	13.081	311.47184
2.51994640	0.039200	16.735	311.47340
9.38755000	0.090400	14.011	311.47340
4.95464160	0.062400	15.401	311.47340
3.24672930	0.044600	12.218	311.79123
2.14363592	0.034400	18.719	312.74472
5.33175100	0.068640	13.888	314.65170
3.06529070	0.044030	13.540	314.65170
3.24672930	0.044600	12.220	317.82000
4.93777000	0.057410	2.740	317.83000
5.74814500	0.062800	10.424	317.83000
5.36775300	0.066300	12.890	317.83000
3.12609600	0.040500	11.119	318.46566
3.12608760	0.040540	13.002	318.78349
3.12608760	0.040540	13.002	320.04100
1.68965000	0.030600	12.890	320.99000
3.97910000	0.051000	12.666	320.99500
20.27299140	0.141500	11.803	321.00669
1071.23205000	1.883000	10.160	321.00669
3.30895800	0.052080	17.318	323.23311
6.56930000	0.059100	12.274	323.86877
3.24674000	0.045500	13.900	324.17000
9.08851600	0.081300	12.599	324.18498
2.75660000	0.040000	14.796	324.18498
2.78847360	0.040730	14.056	324.18660
2.75659720	0.039660	13.630	324.18660
114.73635000	0.481000	13.490	324.20000
8.35023100	0.071910	13.320	325.69000
2.75660040	0.039850	14.359	326.71500
3.31186440	0.044000	9.980	327.35000
3.67724000	0.051000	15.244	327.35100
1.50896860	0.025360	17.385	327.36490
4.21808960	0.057980	12.274	327.36490
3.24672200	0.045700	13.451	327.36490
2.14363400	0.034490	18.719	327.68273
2.75659720	0.039970	14.796	329.90754
2.89897270	0.042100	18.495	330.54154
4.64187800	0.057500	14.348	331.80100
4.18775581	0.048740	12.431	332.45018
3.64670600	0.049800	14.930	334.97900
3.64670600	0.049780	14.930	335.62848
3.85298500	0.052350	14.908	335.93200
1.90231289	0.030100	10.077	335.94463
8.35018980	0.073100	13.000	336.00000
4.18775700	0.048800	12.431	336.56800
3.85298500	0.052370	14.908	336.58197
2.78849100	0.040750	14.120	336.89000
2.78849100	0.040710	14.056	336.89980
3.97910000	0.052050	16.477	336.89980
2.34122170	0.036070	14.572	336.89980
3.85300300	0.052440	15.637	337.85329
2.76676410	0.038150	11.646	339.76027
2.48419300	0.037500	14.235	340.06000
1.50897655	0.025900	15.917	340.07810
3.97910000	0.052050	16.477	340.07810
3.54785100	0.048500	15.480	340.38200
2.34121242	0.036510	14.571	340.38200
2.76676410	0.038150	11.646	340.39593
3.54785100	0.048500	15.480	340.39593
2.48419300	0.037510	14.235	341.03159
3.31186440	0.043650	9.976	341.98508
1.63075700	0.019900	11.600	343.00000
1.43247580	0.022990	12.218	343.25640
4.95464160	0.061880	15.278	344.20989
3.81862440	0.050400	10.985	344.52772
4.18775700	0.049400	12.207	344.52772
1.42003300	0.023430	13.047	346.42000
3.89713000	0.051200	13.339	346.43470
1.70629100	0.026900	11.545	346.43470
2.20000000	0.031000	12.300	349.60000
3.22748000	0.042900	18.831	349.61125
3.27971780	0.044350	14.067	349.61125
3.54785100	0.048520	15.480	349.61300
17.85518200	0.154000	13.787	349.61300
3.85300300	0.052390	14.908	351.51998
2.34122170	0.036350	14.605	352.47347
3.89713000	0.051800	14.460	352.78000
3.24431410	0.046110	13.137	352.78953
1.01870680	0.018550	15.278	355.96960
2.21857520	0.031000	12.756	356.92309
2.18467300	0.034160	13.560	359.13000
1.50895570	0.026100	16.589	359.14790
3.10127800	0.043500	14.011	359.14790
1.36414864	0.023980	18.495	360.09959
4.15913990	0.052000	12.890	362.31100
2.21857300	0.030990	12.756	363.58200
2.21900000	0.031300	14.120	365.49000
4.61741410	0.063110	16.119	365.50267
2.21857578	0.031420	12.902	365.50450
4.18773200	0.050800	12.890	365.50450
3.89713000	0.051660	14.460	367.09365
1.27492504	0.025960	19.649	367.72747
40.20000000	0.240900	8.239	368.68095
2.17642300	0.034500	13.563	368.68280
2.21857700	0.031060	12.543	370.58978
2.79743600	0.037900	13.204	371.52800
4.12688000	0.056800	16.141	371.86110
1.68986800	0.030290	14.011	371.86110
1.68986531	0.030260	13.776	371.86110
1.33823162	0.022870	14.908	371.86110
1.68986800	0.030350	13.450	375.02000
3.11999900	0.042890	23.539	375.03752
2.87175180	0.045500	17.598	375.03940
2.08454350	0.031380	14.415	375.03940
1.27492550	0.025440	20.905	375.99289
1.33823147	0.022600	14.807	376.94638
2.10319365	0.036400	16.197	377.00000
4.18775580	0.051500	12.780	378.20000
2.79744710	0.037910	13.798	378.21770
1.54073100	0.023400	11.310	378.21770
2.54955510	0.037270	13.787	378.85336
7.71305700	0.078700	3.000	379.00000
1.71005880	0.029560	17.038	380.12468
2.47061317	0.036700	13.978	380.44251
2.47063000	0.035560	14.258	381.10000
2.79743600	0.037930	13.204	381.39600
2.47063000	0.035580	13.720	381.39600
2.47061892	0.035630	13.305	382.03166
2.18467300	0.034150	13.563	382.66732
4.16071000	0.052000	12.900	383.00000
2.47061323	0.035670	13.372	383.30298
2.47061337	0.035570	13.720	385.20996
5.33175000	0.069000	14.199	387.00000
4.23130600	0.058000	16.690	387.75260
3.63443300	0.049400	12.218	387.75260
1.57329180	0.026520	14.247	388.07043
1.82099930	0.031990	16.410	388.38826
1.50896820	0.027520	19.223	390.93090
1.43247425	0.022650	12.195	390.93090
2.49979000	0.036300	15.693	390.93090
11.55098000	0.101200	9.976	390.93090
2.18055770	0.035300	18.405	392.83788
11.23660000	0.103800	13.115	392.83788
1.33823187	0.023120	15.838	393.13900
1.33823150	0.023070	15.211	393.15571
1.43247570	0.022780	12.453	394.10920
2.70578200	0.044700	18.719	394.10920
1.33823144	0.023180	15.289	396.96967
2.70578500	0.044800	19.170	397.27000
1.33822990	0.023200	15.031	397.28750
2.47061010	0.036350	14.135	398.24099
1.43247520	0.022890	12.251	400.44900
2.65567770	0.039000	13.899	402.05495
1.75541370	0.029200	12.745	403.00844
3.52563254	0.043300	12.110	403.63000
1.01870680	0.018560	15.278	403.64410
1.57329180	0.026480	14.247	403.94500
1.75541370	0.029180	12.745	404.26300
1.42002406	0.022980	12.733	405.23325
2.73477490	0.044150	17.183	406.82240
3.52563254	0.043310	12.106	406.82240
2.47063000	0.036700	13.899	406.82240
1.71005660	0.030050	19.537	408.09372
141.83402500	0.551600	11.814	408.72733
1.33823150	0.023290	15.368	409.68287
3.58622020	0.050710	13.809	410.00070
5.81760800	0.055800	10.424	410.00070
1.42002586	0.023130	12.801	410.95419
1.42002420	0.023320	12.812	411.27202
1.21190900	0.023860	13.451	413.17900
4.23370000	0.055900	14.572	413.17900
4.03519000	0.051000	9.920	415.70400
2.51672900	0.036230	11.433	416.03947
3.08017160	0.048810	17.094	416.35730
4.03519000	0.051000	14.034	416.99296
2.07276000	0.033030	12.670	419.52000
75.12375000	0.332000	11.310	419.53350
1.43247570	0.022900	12.218	419.53560
1.42002504	0.023430	13.227	419.85343
2.51672900	0.036200	11.433	420.47100
2.07276000	0.033050	12.666	420.48909
1.42002504	0.023430	13.227	422.71390
4.03519000	0.051070	9.920	423.03173
16.25461100	0.130800	8.709	425.25654
2.79858100	0.037000	11.545	425.89220
1.35413300	0.023000	13.092	427.46300
3.12201090	0.045300	14.437	429.07050
1.43250000	0.022800	12.106	429.07050
3.07634580	0.044960	16.814	430.34182
3.12201090	0.045270	14.437	431.93097
8.98580000	0.081000	3.400	432.23000
1.43247425	0.022900	12.251	432.24880
2.18053539	0.035580	16.197	433.20012
2.18053332	0.035520	16.062	434.15360
7.79430132	0.076900	18.490	435.41000
1.35413379	0.023170	12.576	435.42492
3.08762620	0.036070	13.058	436.69623
1.21191096	0.019420	15.446	441.76500
1.21191890	0.023830	15.278	441.77000
1.09142090	0.023120	20.456	441.78370
1.09142300	0.022900	20.100	448.00000
1.21191096	0.024530	19.436	448.14030
3.34484120	0.054500	21.745	448.14030
2.62666570	0.040400	17.396	451.31860
1.09142220	0.023090	20.456	454.49690
3.80161220	0.052220	13.574	457.67291
2.47061320	0.036700	13.955	457.67520
2.47061320	0.035030	13.025	457.67520
2.21674210	0.037110	14.235	459.58218
86.64766100	0.382000	10.540	460.83000
1.60917880	0.030320	18.887	460.85350
1.73185606	0.023840	11.568	464.02947
1.95509380	0.029450	12.924	464.03180
1.65114400	0.027340	11.433	464.98529
1.09142000	0.023200	21.712	465.62095
1.95509590	0.029450	12.924	466.55500
1.95510000	0.029300	13.070	466.82870
2.16051560	0.033970	20.849	467.21010
1.09142030	0.023400	21.297	467.21010
2.73253210	0.042110	17.901	467.21010
2.70339040	0.041220	15.076	469.41500
1.96162410	0.031600	14.773	469.43491
2.70339000	0.041230	15.076	469.75274
1.96162410	0.031590	14.773	471.65972
9.95581000	0.099400	11.859	473.56433
5.91230000	0.062000	3.600	479.90000
5.21535700	0.066100	15.468	479.92330
1107.59230000	2.720500	11.874	483.00000
3.07637760	0.048700	16.810	483.08000
4.12502000	0.054750	14.460	483.41943
4.11379120	0.054960	14.415	483.71700
4.11379100	0.054970	14.460	485.32641
1.35413300	0.022980	13.092	486.27990
10.33111000	0.097000	11.097	486.27990
4.14197710	0.050640	12.588	489.45575
2.31142430	0.033400	12.464	489.45820
2.21674210	0.037080	14.240	491.37630
4.12508280	0.054740	14.426	491.68301
2.31142430	0.033400	12.464	492.62000
1.62842290	0.027090	12.778	494.22565
1.62842460	0.027140	13.047	497.40395
1.62843142	0.027020	13.081	498.33600
1.62842960	0.026830	12.218	502.15000
1.62842790	0.026700	12.184	502.15000
3.53159020	0.050090	14.370	502.16888
3.26427360	0.049970	17.710	505.34970
1.62842953	0.027390	13.171	505.34970
1.62842460	0.027400	13.171	506.93885
8.14530000	0.080000	2.400	508.50000
12.33350000	0.106000	2.800	508.50000
2.18056000	0.037000	18.495	508.52800
2.34478022	0.033700	12.285	508.52800
4.12508230	0.055240	15.020	512.34196
1.62842460	0.027290	13.126	520.28771
3.34482850	0.055800	20.288	527.59780
1.36002854	0.023350	13.787	529.81995
5.87689180	0.067500	12.229	530.77344
3.05252400	0.040470	13.776	533.95172
2.35056140	0.033860	13.159	533.95172
2.20473720	0.036760	16.713	534.59006
4.42471100	0.058040	16.813	537.13001
2.99562900	0.046500	15.435	539.67534
2.62669762	0.043920	18.416	546.66486
3.57746900	0.044700	13.002	546.66760
2.69154800	0.043800	15.838	549.82300
3.44645900	0.044460	14.594	556.20250
5.85734200	0.058300	15.468	556.20250
1.84683500	0.031510	14.500	559.35700
1.36003090	0.024000	13.560	559.36000
2.99560700	0.044190	15.132	559.38080
1.84683400	0.031700	14.684	559.38080
1.36003060	0.023960	13.563	559.38080
1.36003090	0.024050	13.563	560.33429
1.54877430	0.028510	15.009	562.24127
2.69154800	0.043780	15.838	562.55910
2.99565400	0.044500	16.141	563.51259
1.25785000	0.022000	11.882	563.83042
2.20473040	0.032000	15.278	564.44200
2.20473700	0.037700	15.043	564.44200
1.48224460	0.024460	13.552	565.07800
2.20473540	0.035500	15.906	566.05523
1.48224460	0.024520	13.552	568.91570
1.48224686	0.024590	13.384	568.91570
2.20473040	0.038050	16.421	571.77617
3.57746900	0.044600	13.002	572.07000
7.87288000	0.075000	10.761	572.09400
1.40000000	0.024000	13.500	572.10000
1.30618648	0.022840	14.975	572.41183
1.48224754	0.024500	13.484	573.36532
2.20473700	0.038130	16.926	574.00098
3.79984700	0.041220	10.581	578.45060
1.32734700	0.023800	14.168	582.24000
50.79039100	0.280400	12.341	584.78000
1.32734683	0.024100	14.314	587.41341
1.32734700	0.023820	14.168	587.98550
2.46529500	0.040600	15.838	587.98550
11.39109000	0.093090	10.559	587.98550
2.20353730	0.027200	10.420	588.00000
1.32734683	0.023880	14.617	588.62116
3.44645900	0.044400	14.594	589.55000
4.42587000	0.057780	25.000	593.00000
1.60968840	0.026600	13.473	594.34210
4.08722000	0.055170	13.002	597.20257
4.08722000	0.055120	13.002	597.50000
2.29210200	0.036890	15.693	597.52040
2.03204600	0.035200	19.055	597.52040
1.84683510	0.031820	15.872	600.69870
1.30618700	0.022760	14.684	603.55917
2.79083270	0.042320	16.432	603.87700
1.40137940	0.024300	14.572	603.87700
1.43037000	0.023340	13.159	603.87700
9.28971500	0.091700	12.162	606.73747
1.30618581	0.022820	14.975	607.03000
1.30618640	0.022830	14.628	607.05530
1.43036763	0.023350	13.159	607.05530
1.30619000	0.022600	14.516	610.23360
9.28971500	0.091700	12.162	611.79700
1.32734660	0.024020	15.211	611.82275
141.24167100	0.534000	11.097	613.41190
1.30619000	0.022720	14.706	615.95454
15.16886500	0.120700	12.520	617.22586
10.86350200	0.096400	12.016	618.47100
10.86350200	0.096500	12.016	619.45067
2.00284900	0.027200	10.780	624.00000
2.13570304	0.027930	11.489	624.85065
1.21288287	0.023200	15.334	626.12510
1.84683550	0.031500	15.693	629.30340
2.72403300	0.050530	18.147	632.47853
1.54492870	0.027800	14.011	635.66000
49.53200000	0.296200	3.030	636.00000
15.26644600	0.118000	12.170	637.00000
3.60150100	0.048000	13.400	638.00000
11.39093110	0.094300	10.447	638.83510
11.39093100	0.094400	10.592	638.83510
1.54492980	0.027400	15.244	638.83830
2.84937500	0.045740	18.943	638.83830
1.09142119	0.023500	20.849	638.83830
60.32310500	0.300000	12.300	640.00000
2.84937500	0.045700	18.940	645.17000
1.84683730	0.031850	15.872	645.19490
3.54846900	0.049670	13.563	648.37320
3.85590000	0.051460	13.899	651.55150
3.85590000	0.051400	13.899	654.70200
1.84683500	0.031870	16.298	654.72980
3.85589800	0.052100	13.563	654.72980
4.29145200	0.046900	9.860	657.00000
6.87316970	0.080400	16.141	657.90810
1.21288287	0.023020	13.720	658.00000
1.21288400	0.023200	15.334	664.23700
1.21987000	0.023900	17.856	665.21819
1.43037000	0.024480	14.684	667.73300
3.54846570	0.053800	15.984	670.93913
3.54846000	0.050640	16.040	671.86400
6.87349000	0.079500	14.235	673.79960
3.54846250	0.050710	16.040	675.70658
1.77712550	0.028180	12.644	676.97790
3.30984430	0.041010	12.038	677.61356
8.15871500	0.080100	11.635	677.61356
3.21222000	0.041400	12.106	682.35200
5.00542500	0.061000	11.994	682.38101
3.21223120	0.041400	12.106	682.69884
6.87316970	0.080200	16.141	686.51280
6.13498500	0.070710	12.733	688.41633
1.74748753	0.027120	12.386	689.69110
5.00542500	0.055000	11.990	689.98000
3.21222000	0.041420	12.106	690.32676
2.79083270	0.042300	16.432	692.86940
1.68279500	0.029460	15.524	692.86940
6.13498900	0.070100	12.554	693.50158
3.21223328	0.041710	11.882	696.68336
6.87349000	0.080000	13.110	699.20000
8.20000000	0.080000	11.200	699.20000
6.53500000	0.063000	3.310	699.22250
2.72474000	0.041600	14.572	705.58260
2.90367470	0.046220	16.365	706.21826
4.62766900	0.060600	12.890	709.36700
1.36665436	0.024980	15.491	711.93920
2.90367470	0.046190	16.370	712.54500
8.15871500	0.080100	11.635	713.18000
2.72474000	0.041700	14.572	718.29580
1.34849780	0.023800	15.637	718.29580
2.01802310	0.031440	12.980	721.47048
4.62766910	0.061080	13.664	721.79193
4.62764900	0.059600	13.451	724.65240
6.13498470	0.086350	12.061	725.28442
1.53736423	0.026430	14.359	726.55938
1.53736390	0.026410	14.908	729.41985
1.53736530	0.026430	14.359	729.73768
1.90260300	0.038900	21.017	731.00534
4.86067400	0.061000	12.778	731.00534
56.39879000	0.308100	12.285	731.00534
2.87867650	0.040800	13.787	731.00900
1.53736530	0.026430	14.359	731.93200
4.62768200	0.060620	12.890	731.96249
225.11781000	0.768000	12.530	732.00000
3.16062960	0.037340	10.548	734.16000
4.28088000	0.055500	12.442	734.18362
4.08605200	0.054600	15.581	737.33500
4.08605200	0.054600	15.581	737.36560
2.99433000	0.043600	16.030	740.51000
64.59490000	0.327000	11.545	743.71847
4.09666920	0.055930	12.778	743.71847
2.99433000	0.044000	15.984	743.72220
1.48571080	0.026050	14.684	743.72220
1.54338970	0.023600	14.908	750.07504
1.53736596	0.026770	14.874	750.39663
4.72021900	0.062600	15.648	753.25710
4.08605200	0.054610	15.581	753.25710
3.14283300	0.047950	15.132	756.43540
1.67537280	0.023000	16.589	756.43540
3.76810000	0.048100	11.433	765.97030
11.23479000	0.109300	12.139	766.60212
3.76810000	0.046100	11.430	772.29000
1.34849540	0.025470	16.668	775.50520
2.23598350	0.032300	16.141	775.50520
1.48571080	0.025910	14.680	778.65000
3.76810000	0.048100	11.287	781.86180
1.33711677	0.021360	12.498	783.76878
1.48571091	0.026800	14.908	785.04010
1.33711647	0.021530	14.056	785.04010
3.58191940	0.040000	13.675	788.21445
1.33711820	0.021490	12.823	790.41000
2.99432500	0.043510	15.581	791.39670
5.40604250	0.067300	12.812	791.39670
1.33711647	0.021530	14.056	792.63500
69.75460000	0.370000	10.800	794.50000
10.15643000	0.084700	5.790	794.57500
5.85748700	0.070370	14.067	797.75330
3.58191340	0.039240	12.666	816.81901
69.75470000	0.370400	10.761	820.00140
188.83500000	0.867620	11.240	823.90000
3.58192320	0.039440	12.690	825.00000
1.33711655	0.021600	12.890	826.35800
4.32419000	0.047960	4.810	826.35800
2.99432500	0.044070	16.029	832.71460
1.94164230	0.026580	12.094	835.57088
193.96500000	0.883280	11.300	837.00000
6.87181500	0.075840	12.218	841.61384
190.37500000	0.872350	11.150	845.70000
3.31065100	0.046900	13.563	854.96270
6.87181500	0.075220	12.263	855.24500
10.74210000	0.099000	3.200	858.10000
6.90000000	0.076000	12.300	858.10000
1.68986531	0.030360	13.451	858.14100
6.87188000	0.075800	12.218	861.31930
13.24060000	0.105500	10.873	867.67590
198.85600000	0.898090	11.200	869.70000
4.72281240	0.050250	10.682	870.85420
13.24060000	0.105500	10.870	874.00000
260.79000000	0.828000	11.321	875.61726
4.63361100	0.060000	15.400	878.00000
5.75251000	0.071700	12.330	883.53000
13.24060000	0.106000	10.548	883.56740
3.65633300	0.051700	11.994	886.74570
3.63130000	0.048000	11.770	889.90000
5.75251000	0.071700	12.330	889.92400
5.33408380	0.067800	16.253	893.10230
5.33408384	0.067900	16.250	896.24000
3.37735120	0.050640	14.359	899.45439
12.87470990	0.114300	12.670	908.96000
1.48112350	0.034620	21.196	915.35040
9.06005000	0.084400	11.310	921.70700
4.43527000	0.058000	11.994	921.70700
8.88659300	0.085400	13.070	937.59850
8.88659300	0.085500	13.068	940.74000
8.88659300	0.085500	13.283	940.77680
3.09276360	0.036900	14.348	940.77680
200.45200000	0.902810	11.250	942.00000
54.18915000	0.313000	11.994	947.12865
12.87470990	0.114200	12.666	947.13340
8.27547900	0.083100	9.864	953.48522
6.18023500	0.072290	11.781	953.49000
82.68690000	0.349000	6.800	959.84179
3.02409220	0.044000	12.550	962.98000
3.63130000	0.048090	13.227	972.55980
204.04600000	0.913590	11.270	981.30000
3.63130000	0.048400	11.769	982.09470
3.02409330	0.044000	12.498	982.09470
2.82406000	0.047000	17.150	985.27300
2.65023700	0.046000	16.701	991.62463
3.02409309	0.044400	13.000	994.77000
3.02409309	0.044360	13.002	997.98620
2.35062100	0.034930	12.767	1000.21101
3.09276160	0.037810	12.106	1001.12000
3.09276160	0.037800	11.960	1004.34280
3.10000000	0.038000	12.300	1017.00000
1.44044527	0.020650	13.316	1017.05090
3.09272932	0.037800	11.960	1020.23430
4.17523870	0.054250	13.843	1022.14128
21.21663000	0.161400	11.430	1023.37000
3.02409500	0.044900	13.450	1026.55000
3.02409490	0.046000	13.664	1026.59090
21.21639800	0.162780	12.184	1028.18005
20.33003000	0.158000	11.882	1036.12061
21.21639800	0.163700	11.938	1036.76146
1.90006930	0.028600	14.022	1039.30410
2.68650200	0.037440	14.572	1039.30410
1.21987016	0.025900	18.820	1042.48240
1.90009000	0.028800	12.846	1048.83900
1.74299673	0.028100	16.432	1048.83900
1.21191096	0.023850	15.278	1048.83900
1.74299640	0.028100	16.421	1051.97300
5.45265400	0.067700	13.417	1057.69400
5.45265400	0.067740	13.417	1058.37390
4.07823870	0.056100	14.572	1064.72516
3.47410850	0.054200	19.515	1074.90106
5.85885700	0.069750	13.529	1080.61658
7.81795300	0.079080	13.395	1080.62200
1.90006930	0.029500	14.684	1099.69180
1.90006930	0.029500	14.680	1102.82000
1.74299350	0.027980	16.432	1102.82000
1.38665290	0.025080	14.404	1102.87010
2.71865910	0.039040	12.330	1109.22670
91.68278000	0.387000	2.910	1112.39942
61.62770000	0.300000	12.106	1112.39942
1.74299350	0.028350	16.365	1134.65310
4.78694910	0.065550	18.786	1137.83140
2.71865900	0.039400	13.227	1144.14000
8.87209820	0.089200	11.893	1144.18227
5.42513000	0.040900	5.760	1144.18800
14.57407100	0.129100	12.173	1147.36055
1.74299350	0.028540	16.477	1150.54460
2.82797200	0.048000	18.383	1153.71712
5.85885800	0.072600	13.193	1160.07369
1.38665318	0.024800	13.451	1172.79270
2.14878000	0.043000	16.814	1175.97100
5.85885800	0.073000	13.092	1182.32167
4.20000000	0.055000	9.079	1207.70000
22.09341000	0.173000	8.183	1229.99594
7.43323400	0.079500	12.319	1233.17422
3.61276470	0.052240	17.777	1242.71530
111.43570000	0.449000	10.980	1252.20000
4.12448100	0.049500	11.478	1261.78510
3.35205700	0.047000	16.700	1274.44000
4.12448100	0.049400	11.478	1291.28900
4.61170930	0.063700	21.409	1293.56810
5.90124000	0.050000	2.200	1303.00000
1.21986690	0.025550	16.780	1303.00000
111.43670000	0.456400	11.243	1307.55262
111.43670000	0.456500	11.243	1308.18828
9.24318000	0.089100	11.209	1315.81620
12.72040000	0.110000	4.500	1322.12000
988.88112000	2.027000	11.949	1322.16617
2.77597024	0.041300	13.339	1331.38987
2.77596000	0.041300	14.448	1332.60500
5.55149000	0.067000	15.244	1334.87931
5.02679900	0.060000	12.442	1341.24260
2.77597120	0.041340	14.448	1341.56043
9.24285000	0.090100	9.416	1344.42090
9.24285000	0.090200	9.420	1347.54000
2.50792040	0.037830	12.285	1369.84730
2.87923190	0.041270	12.408	1373.02560
16.24921000	0.129100	12.184	1379.37529
2.48553300	0.040400	18.091	1379.38220
8.87207800	0.092000	12.520	1398.44499
2.48553417	0.040470	18.304	1398.45200
3.76500070	0.081500	23.203	1398.45200
2.48553350	0.030800	18.046	1430.17500
5.55149296	0.066500	12.711	1458.83239
737.11310000	1.640000	9.960	1462.01067
42.63180000	0.260000	5.300	1493.70000
10.65566900	0.116600	11.142	1531.93292
4.11902700	0.054900	12.801	1538.29720
3.61127060	0.051400	16.511	1541.47550
52.50097000	0.303400	12.554	1547.77000
165.77190000	0.641000	13.294	1582.78547
18.09547000	0.153000	12.801	1598.35906
9.24285000	0.089200	13.002	1608.21980
5.55149260	0.069690	14.258	1646.35940
13.10200000	0.088000	2.660	1652.70772
9.62468000	0.087100	11.209	1652.71600
10.26075000	0.110800	11.982	1671.77742
217.83184000	0.753000	12.420	1678.14240
3.14143910	0.047140	15.816	1694.03390
52.50112900	0.301000	12.834	1719.46030
9.47725000	0.091400	10.817	1722.63860
10.26112700	0.111000	12.419	1767.00000
5.46938270	0.052630	11.725	1830.69162
3.35642270	0.042800	11.657	1843.41400
3.84937278	0.054400	11.994	1868.84040
3.35642270	0.042700	11.657	1875.19700
22.65398000	0.158000	11.209	1900.61387
33.60134000	0.196800	9.057	1907.00000
6.98390950	0.072300	12.229	1910.14873
1.80535640	0.028030	12.722	1938.76300
76.80000000	0.369000	11.209	1951.46642
170000.00000000	68.000000	13.000	2000.00000
402000000.00000000	7506.000000	12.442	2002.31896
3.40956750	0.048600	11.882	2011.86390
328.24017000	0.898000	11.579	2129.45033
2.74432452	0.047390	20.961	2154.88740
87.64510000	0.400000	3.900	2161.24400
2.87531694	0.035930	11.489	2294.73260
2.24376610	0.035800	14.359	2294.73260
2.87531700	0.036100	9.718	2302.89900
2.87531860	0.036170	9.718	2310.62410
2.90000000	0.036000	9.750	2320.10000
2.24375200	0.036000	14.360	2333.00000
1.51214000	0.026910	12.218	2358.29860
2.24376550	0.037000	13.899	2412.32970
1.51214000	0.027000	12.220	2415.40000
1.51214000	0.026870	11.411	2437.75610
6.79012300	0.077100	12.621	2440.93440
2.24376524	0.037100	13.686	2466.36080
8040000.00000000	200.000000	20.849	2479.06157
2.24376610	0.037200	18.304	2510.85700
109.75000000	0.510900	11.209	2542.62726
43500.00000000	22.000000	14.572	2542.64000
2.02195960	0.036500	17.710	2542.64000
5.64420700	0.069400	11.994	2688.84180
5.63341000	0.067700	10.660	2739.69460
5.63347540	0.068800	12.969	2765.12100
5.63332000	0.067900	11.243	2771.47760
5.63347290	0.067400	13.339	2777.83420
5.60000000	0.068000	12.300	2828.60000
5.63341000	0.067700	11.007	2873.18320
5.63347290	0.068780	12.969	2888.95000
60.32510000	0.300000	14.300	2892.25300
15.33480000	0.118000	4.000	2895.31000
482.81910000	1.152000	9.420	2946.26933
1.76358800	0.036410	16.948	2949.46240
13.33668000	0.112000	10.424	2955.80419
69000.00000000	38.000000	13.000	3000.00000
37000.00000000	24.000000	13.000	3000.00000
1.79600000	0.030000	12.666	3082.82000
4.19364900	0.058300	14.908	3082.95100
8.88492400	0.080000	11.550	3146.40000
17.85523330	0.151000	16.029	3178.30000
8.88491160	0.081800	11.770	3209.90000
8.88491160	0.081700	11.769	3210.08300
3.57532000	0.046700	11.287	3273.64900
3.57532000	0.047600	11.287	3302.11000
3.19153285	0.045390	13.641	3718.61100
3.19152390	0.045400	13.641	3747.06000
3.19152890	0.045290	13.989	3759.92890
5800000.00000000	350.000000	14.572	3813.94088
4.28897310	0.065600	21.590	3932.00000
6.23850000	0.068000	2.600	4036.30000
2090.00000000	3.530000	16.365	4036.42077
69.04800000	0.330000	11.500	4049.13391
7.24599000	0.088800	11.680	4096.80817
1.88823780	0.036320	15.513	4100.00700
3650.00000000	4.500000	12.442	4131.79000
3.19154260	0.047600	21.858	4211.22639
31.33090000	0.191000	4.900	4385.87000
1.40794050	0.020400	10.400	4386.05400
1.26523280	0.012000	11.994	4449.62000
5800000.00000000	350.000000	13.675	5085.25451
3.47411900	0.057000	20.512	5403.11000
143.21300000	0.500000	10.600	5403.11000
21.08716800	0.153900	12.240	5689.15700
21.08740000	0.155000	13.680	5720.70000
14.47567000	0.095000	12.218	5879.82553
1.74457900	0.033800	16.477	6261.21962
21.08721000	0.164000	13.900	6388.10000
21.08721000	0.163500	13.899	6388.38300
4.25679940	0.056940	11.135	6747.53090
4.25679940	0.057400	11.321	6814.27520
4.25679940	0.057830	11.624	6979.54680
4.03371420	0.061300	13.675	7024.00779
19.00547000	0.500000	2.802	7310.05336
1.21751400	0.024660	12.442	8654.15000
303.13700000	0.991000	4.620	8899.00000
9350.00000000	9.600000	14.011	8899.19540
